-0.006851259974556878,-0.01029298526095398,-0.012552486544679305,0.002537862994718278,-0.016579120023153416,-0.010136984319101906,-0.005757182415013451,-0.0037349614946185807,-0.0005265682286064321,-0.005513434078787607,-0.009556931224598223,0.01105637857451748,0.001961951709765194,-0.00450747234836447,0.005091235556783965,0.028434729255715944,-0.01029298526095398,-0.004740275459255275,-0.011955153680333844,-0.028482164247417688,0.013406000161566905,0.0018032528562364736,0.0068012851303228036,-0.009630948084700369,0.0191115606892948,0.015252454407363435,0.006124695686619948,-0.011652994821964534,-0.01173051907166955,-0.0034364373109999863,0.011286398537583547,0.009481020621447117,-0.012552486544679305,-0.011955153680333844,-0.01735355415919307,-0.00045611096089936764,-0.01814327681490016,0.023740163505579063,-0.0016144733884251793,0.013119000835695158,-0.005285653821872034,-0.019337632547746796,0.024475807719999187,0.014594399277201563,-0.034648633935673384,-0.008197572265612558,0.009300771557859603,0.03311838656813705,0.002537862994718278,-0.028482164247417688,-0.00045611096089936764,-0.01736691857219913,0.03226607151745654,0.016530120493255692,0.031455796554988154,-0.012002220113507997,0.012097275678569377,0.017115898265362313,-0.0010022663658561701,0.003789755472318144,-0.018951546422306415,0.01356658840459644,0.006788898974137108,-0.007239685549288524,-0.016579120023153416,0.013406000161566905,-0.01814327681490016,0.03226607151745654,0.0006728494198459112,0.00444124239193026,-0.032910716441167255,0.0041322019760575285,-0.01919090490329697,-0.008973199684925815,0.006220581010938749,0.0023945869465807623,-0.004444761850254756,0.006108395269937477,0.0012731063444190944,0.012086764082768141,-0.010136984319101906,0.0018032528562364736,0.023740163505579063,0.016530120493255692,0.00444124239193026,0.008786517573485794,-0.011126245463475399,0.0031010053355526417,0.006835936083874493,0.0061739706350128825,-0.022552810036059086,0.011813863175870035,0.028114361317793254,-0.004709437689028942,0.011824211166477942,0.004978042078157831,-0.005757182415013451,0.0068012851303228036,-0.0016144733884251793,0.031455796554988154,-0.032910716441167255,-0.011126245463475399,-0.024210226421666925,-0.009359633221626272,-0.011186902107551853,0.0017964870094484028,-0.018779388258107155,0.001769397078482108,0.004764088466971822,0.013879951445565482,0.00755874469026232,0.0017658842714780684,-0.0037349614946185807,-0.009630948084700369,0.013119000835695158,-0.012002220113507997,0.0041322019760575285,0.0031010053355526417,-0.009359633221626272,0.0023157036443882464,-0.020431216573597942,0.012428814391399912,-0.016638055829958042,0.004901705320161543,0.002331258665801784,0.006060302600418495,-0.02274700038325379,-0.007340742275462199,-0.0005265682286064321,0.0191115606892948,-0.005285653821872034,0.012097275678569377,-0.01919090490329697,0.006835936083874493,-0.011186902107551853,-0.020431216573597942,-0.013145159703143242,-0.019941204269793143,-0.004834471188651345,0.029252909451706548,0.009294841455823986,0.005042658894343482,-0.027872696129263914,0.021682179194428417,-0.005513434078787607,0.015252454407363435,-0.019337632547746796,0.017115898265362313,-0.008973199684925815,0.0061739706350128825,0.0017964870094484028,0.012428814391399912,-0.019941204269793143,0.0007208446689059428,0.007765970825082843,0.0032891024543092776,-0.008711550032520032,-0.0026811927604952954,-0.02159398800443344,0.026495960308647093,-0.009556931224598223,0.006124695686619948,0.024475807719999187,-0.0010022663658561701,0.006220581010938749,-0.022552810036059086,-0.018779388258107155,-0.016638055829958042,-0.004834471188651345,0.007765970825082843,0.008591393406134976,0.013629117629768168,0.024857935730832306,0.012267911493396191,0.0050109082746060815,-0.006891627454278752,0.01105637857451748,-0.011652994821964534,0.014594399277201563,0.003789755472318144,0.0023945869465807623,0.011813863175870035,0.001769397078482108,0.004901705320161543,0.029252909451706548,0.0032891024543092776,0.013629117629768168,-0.005957404363808663,-0.0057338219016747315,8.278158207681256e-05,-0.003297765799571634,-0.030449030109711776,0.001961951709765194,-0.01173051907166955,-0.034648633935673384,-0.018951546422306415,-0.004444761850254756,0.028114361317793254,0.004764088466971822,0.002331258665801784,0.009294841455823986,-0.008711550032520032,0.024857935730832306,-0.0057338219016747315,-0.004488121460309601,0.005631404975918228,-0.0037408571421097343,0.003392857057799111,-0.00450747234836447,-0.0034364373109999863,-0.008197572265612558,0.01356658840459644,0.006108395269937477,-0.004709437689028942,0.013879951445565482,0.006060302600418495,0.005042658894343482,-0.0026811927604952954,0.012267911493396191,8.278158207681256e-05,0.005631404975918228,0.014856555292008328,-0.004205974201160184,0.00979172193121348,0.005091235556783965,0.011286398537583547,0.009300771557859603,0.006788898974137108,0.0012731063444190944,0.011824211166477942,0.00755874469026232,-0.02274700038325379,-0.027872696129263914,-0.02159398800443344,0.0050109082746060815,-0.003297765799571634,-0.0037408571421097343,-0.004205974201160184,-0.006223311853528757,0.009044282918337521,0.028434729255715944,0.009481020621447117,0.03311838656813705,-0.007239685549288524,0.012086764082768141,0.004978042078157831,0.0017658842714780684,-0.007340742275462199,0.021682179194428417,0.026495960308647093,-0.006891627454278752,-0.030449030109711776,0.003392857057799111,0.00979172193121348,0.009044282918337521,-0.015133279633396543
0.012729751538538545,0.016625613379399343,-0.008665936085914287,0.0001676049354172951,-0.02476508052977881,-0.0008892860567610691,0.01321648116619297,-0.01235278018702088,0.01388771925921246,-0.00551787400198827,0.00510622850219926,-0.011890975225090188,-0.03256769953281503,-0.01251369021688146,0.001794994732198524,0.017681269877367855,0.016625613379399343,0.03051026488245931,0.00020518605204289774,-0.010447526452079196,-0.0002037465174405556,0.0019979406732472667,-0.018786154954341588,-0.002963210214735809,-0.02137283985455139,0.003585034755347487,-0.005323327832714755,-0.0003206302269952788,0.016403445093587907,0.0036317658632273883,0.00734498581815176,-0.026390721485604545,-0.008665936085914287,0.00020518605204289774,-0.0029240088799890457,-0.024045079426916874,0.01234780835275765,0.0042556538257314345,0.016071568110546323,0.0023083536650522407,-0.041375939312139606,0.0124575678975196,-0.000170014940787206,-0.004371659371189112,0.019155606409586707,-0.0018641133201116541,0.004991820235966892,-0.017110418804980963,0.0001676049354172951,-0.010447526452079196,-0.024045079426916874,0.01124607807802308,0.008667433893539885,0.0011673932055757277,-0.002405030564624655,-0.011715526129072744,-0.026598665526675457,-0.01626542185031779,-0.020279232653677988,-0.017323120877998945,0.014871113609220657,0.007636088957567793,-0.0037129372750053682,-0.014378361843697262,-0.02476508052977881,-0.0002037465174405556,0.01234780835275765,0.008667433893539885,0.026954881237013027,-0.003071762297030598,-0.00982886641069324,0.000795464907563168,0.005096532431278011,0.002851229472751855,-0.007027234578255183,-0.011337596790787031,-0.009080727457966231,-0.0015889113149096011,-0.017660754293851735,0.009006550273802432,-0.0008892860567610691,0.0019979406732472667,0.0042556538257314345,0.0011673932055757277,-0.003071762297030598,0.017239169339220255,0.008493489592184933,-0.0015009121085170945,-0.010603622335951636,0.01311099268365139,-0.0007684962412731353,-0.010826732581748842,-0.00959444942793318,-0.03383040343188682,-0.0009471781852166816,0.008367850431824779,0.01321648116619297,-0.018786154954341588,0.016071568110546323,-0.002405030564624655,-0.00982886641069324,0.008493489592184933,0.016576241879765113,-0.024661539712293387,0.0033379203961278704,0.010733292571997155,0.000682159606213049,0.010987301259394094,-0.001148254503937209,0.009436983128566093,0.006042056719500355,-0.015701179070169165,-0.01235278018702088,-0.002963210214735809,0.0023083536650522407,-0.011715526129072744,0.000795464907563168,-0.0015009121085170945,-0.024661539712293387,0.029034746908847643,-0.0015234660252673661,0.0015903873735763408,0.002367953763418813,-0.0024677721717613617,-0.019122133860290665,-0.013563401270577197,0.0213110928038746,-0.003237171727663216,0.01388771925921246,-0.02137283985455139,-0.041375939312139606,-0.026598665526675457,0.005096532431278011,-0.010603622335951636,0.0033379203961278704,-0.0015234660252673661,0.00020018614475804386,0.002032780794366073,-0.01302144368302027,-0.018616348258966894,0.01810636386705013,-0.016755016576625134,-0.0026641421666643,-0.009201866017180664,-0.00551787400198827,0.003585034755347487,0.0124575678975196,-0.01626542185031779,0.002851229472751855,0.01311099268365139,0.010733292571997155,0.0015903873735763408,0.002032780794366073,0.026182231522506302,-0.014581127643425486,0.014183353746901849,0.0015603793474898403,0.011677226432948593,-0.015931096217798486,0.013716288442685444,0.00510622850219926,-0.005323327832714755,-0.000170014940787206,-0.020279232653677988,-0.007027234578255183,-0.0007684962412731353,0.000682159606213049,0.002367953763418813,-0.01302144368302027,-0.014581127643425486,0.02037070358966262,-0.00029820506592161166,0.02217142093324998,0.006997281879375678,-0.0005774957856379618,-0.0007536844957846057,-0.011890975225090188,-0.0003206302269952788,-0.004371659371189112,-0.017323120877998945,-0.011337596790787031,-0.010826732581748842,0.010987301259394094,-0.0024677721717613617,-0.018616348258966894,0.014183353746901849,-0.00029820506592161166,0.005891651908704679,-0.016798511437762263,-0.01337876058281435,0.0015994684995581346,0.008531614178002201,-0.03256769953281503,0.016403445093587907,0.019155606409586707,0.014871113609220657,-0.009080727457966231,-0.00959444942793318,-0.001148254503937209,-0.019122133860290665,0.01810636386705013,0.0015603793474898403,0.02217142093324998,-0.016798511437762263,0.01824682145492667,-0.021358422393666185,0.01000537138074363,0.03081725651183285,-0.01251369021688146,0.0036317658632273883,-0.0018641133201116541,0.007636088957567793,-0.0015889113149096011,-0.03383040343188682,0.009436983128566093,-0.013563401270577197,-0.016755016576625134,0.011677226432948593,0.006997281879375678,-0.01337876058281435,-0.021358422393666185,0.018587524666816478,0.0106388911664063,0.00834658768372802,0.001794994732198524,0.00734498581815176,0.004991820235966892,-0.0037129372750053682,-0.017660754293851735,-0.0009471781852166816,0.006042056719500355,0.0213110928038746,-0.0026641421666643,-0.015931096217798486,-0.0005774957856379618,0.0015994684995581346,0.01000537138074363,0.0106388911664063,0.005914561982858238,0.01358006805636455,0.017681269877367855,-0.026390721485604545,-0.017110418804980963,-0.014378361843697262,0.009006550273802432,0.008367850431824779,-0.015701179070169165,-0.003237171727663216,-0.009201866017180664,0.013716288442685444,-0.0007536844957846057,0.008531614178002201,0.03081725651183285,0.00834658768372802,0.01358006805636455,0.02074805091008705
-0.013986893734835873,0.005848050692613768,0.005578778541699858,-0.008521583779066982,-0.003492524776911463,0.009220815574218152,0.002377380161536101,0.0046430238504486425,0.0026485539565076826,0.01875280249568081,0.01141854945046927,0.009395551684665729,-0.003173810936974621,-0.0212225814882393,-0.0014530404960551115,0.009711954929273346,0.005848050692613768,-0.02691382440178912,-0.006052374168924951,-0.008379428499635345,0.01902213044475452,0.024584935749424615,-0.006534149199991509,-0.017269054491717627,-0.008954764354082892,-0.001389345793803767,0.025347413036290452,-0.006722812333534128,0.02110843767612675,-0.013325864605383987,-0.009728663563347836,0.028386127870157367,0.005578778541699858,-0.006052374168924951,-0.002725483828774973,-0.002876594896198843,0.011427522662778425,-0.010208341384164123,-0.013447404887986642,0.009990246139480762,-0.005597580919960657,0.0056157041742712355,-0.022744304586854492,0.002877292183565237,0.009142162228193512,0.0017291372978927061,-0.001486534300512814,-0.007642055547842745,-0.008521583779066982,-0.008379428499635345,-0.002876594896198843,0.004366432806059882,-0.00041235142795355924,0.009780874323855155,0.007224724874928293,-0.007871542461149041,-0.002226493796736041,-0.0005348382687432358,-0.006082367840853967,0.012004853691969412,0.0005006454109111282,0.01650309360885506,-0.012337361810893862,0.013333184470035214,-0.003492524776911463,0.01902213044475452,0.011427522662778425,-0.00041235142795355924,0.016601489957653266,0.0041121673697084886,0.0057463636583554726,-0.002372840870658734,-0.0001230387000898238,-0.006791365614672248,0.0062099918600871246,0.008434013686857485,-0.0067127939561880835,-0.0058977950641846,-0.00421894391614135,-0.007455534134978541,0.009220815574218152,0.024584935749424615,-0.010208341384164123,0.009780874323855155,0.0041121673697084886,-0.005917213873634197,0.009714760476642203,-0.004383922676727124,0.012668573365656887,0.02603407563414168,-0.014086562865560174,0.0005184074461680298,0.004703435614269472,0.013386645398989417,0.006578025615097113,-0.02366381699794728,0.002377380161536101,-0.006534149199991509,-0.013447404887986642,0.007224724874928293,0.0057463636583554726,0.009714760476642203,-0.00500483433410108,-0.012696594204079661,-0.0012641959602816449,0.017611481463397784,-0.002561280593587712,-0.0023952356942424204,-0.007760264096208381,0.004336885726819068,-0.026317177087834816,-0.006698914972879176,0.0046430238504486425,-0.017269054491717627,0.009990246139480762,-0.007871542461149041,-0.002372840870658734,-0.004383922676727124,-0.012696594204079661,-0.008950638444416681,0.0022967142616363437,0.02395835535930718,0.020851253455581992,-0.012808147934580908,-0.01122000038903593,0.01599842000746819,-0.033461338568939,0.011703359861122474,0.0026485539565076826,-0.008954764354082892,-0.005597580919960657,-0.002226493796736041,-0.0001230387000898238,0.012668573365656887,-0.0012641959602816449,0.0022967142616363437,0.012207120680845084,-0.004493779027434396,0.007331021751148275,0.011098204328202344,-0.006611574376697006,-0.01624609672652115,-0.003800296832003544,0.01268338839587265,0.01875280249568081,-0.001389345793803767,0.0056157041742712355,-0.0005348382687432358,-0.006791365614672248,0.02603407563414168,0.017611481463397784,0.02395835535930718,-0.004493779027434396,-0.011348338111684494,0.0012485031401884095,0.00411004292386869,0.0026616292143612635,-0.00582050319120861,0.021869995395052744,0.018759855110319686,0.01141854945046927,0.025347413036290452,-0.022744304586854492,-0.006082367840853967,0.0062099918600871246,-0.014086562865560174,-0.002561280593587712,0.020851253455581992,0.007331021751148275,0.0012485031401884095,-0.007756934745260194,-0.003410407887167912,-0.0009503421139563435,0.02366361189966981,0.005854062654065052,-0.03235959938567056,0.009395551684665729,-0.006722812333534128,0.002877292183565237,0.012004853691969412,0.008434013686857485,0.0005184074461680298,-0.0023952356942424204,-0.012808147934580908,0.011098204328202344,0.00411004292386869,-0.003410407887167912,-0.028472304015609018,-0.0021235556295091996,-0.018025782679788164,-0.014464045892033126,-0.01618790205852535,-0.003173810936974621,0.02110843767612675,0.009142162228193512,0.0005006454109111282,-0.0067127939561880835,0.004703435614269472,-0.007760264096208381,-0.01122000038903593,-0.006611574376697006,0.0026616292143612635,-0.0009503421139563435,-0.0021235556295091996,-0.0013632934916253392,0.0023200665064018527,-0.0012664748240165489,0.007976997497290151,-0.0212225814882393,-0.013325864605383987,0.0017291372978927061,0.01650309360885506,-0.0058977950641846,0.013386645398989417,0.004336885726819068,0.01599842000746819,-0.01624609672652115,-0.00582050319120861,0.02366361189966981,-0.018025782679788164,0.0023200665064018527,-0.020998200863915018,0.005143440654770933,0.006463550902481375,-0.0014530404960551115,-0.009728663563347836,-0.001486534300512814,-0.012337361810893862,-0.00421894391614135,0.006578025615097113,-0.026317177087834816,-0.033461338568939,-0.003800296832003544,0.021869995395052744,0.005854062654065052,-0.014464045892033126,-0.0012664748240165489,0.005143440654770933,-0.0007650868338435063,-0.006627600131767339,0.009711954929273346,0.028386127870157367,-0.007642055547842745,0.013333184470035214,-0.007455534134978541,-0.02366381699794728,-0.006698914972879176,0.011703359861122474,0.01268338839587265,0.018759855110319686,-0.03235959938567056,-0.01618790205852535,0.007976997497290151,0.006463550902481375,-0.006627600131767339,-0.012834852384989562
0.006577642356282165,0.011026227000714735,-0.017547912091198607,-0.0031140191573350885,0.0013374019997597455,0.0020423236593181617,-0.011233878302468749,0.010866667036010809,-0.01036163576957895,0.0041853415993643355,-0.01662792739035,0.00305656407046176,0.019309282258768913,0.010761540953150196,0.011207671271576044,0.024163340248950508,0.011026227000714735,0.018757174180743623,-0.011093329679034569,0.0027915729012117554,0.0062315894562363795,-0.00916707453537111,0.0052993635573964065,-0.0014683922200523498,0.004269055222575018,0.0008515745373746634,0.012609810449023857,0.0039057251892818936,-3.9232152952619435e-05,-0.013659663591862905,0.005972974068871079,-0.01957087662332445,-0.017547912091198607,-0.011093329679034569,0.007297898523637464,0.022351627750311503,0.03105847225299996,-0.016573636211307505,0.009842409608205385,-0.0006387333442781761,0.005563269751268809,-0.0015653696858866533,-0.015367118412815082,0.00012899251723778226,0.014070333880168843,-0.0028885481312065043,0.0003044446461538692,0.010837549250838194,-0.0031140191573350885,0.0027915729012117554,0.022351627750311503,0.016692280400332785,-0.02424148678590808,-0.0015844239155355054,-0.01752317315876937,0.009994883191641359,-0.011917219873239656,-0.00026424663004769586,0.011695027113344948,0.01110675067514861,0.0012746015687104021,0.001786426780201852,0.001091757747126091,-0.0031871642910802373,0.0013374019997597455,0.0062315894562363795,0.03105847225299996,-0.02424148678590808,-0.003240597972138229,0.018629390929086952,-0.01631750494469764,0.015558369008395159,-0.00877791527696281,-0.004360903442931346,0.024734894608654835,0.00012290305792428768,0.013276000704051091,0.014039146368373839,-0.00042426260397482665,0.003930861253364479,0.0020423236593181617,-0.00916707453537111,-0.016573636211307505,-0.0015844239155355054,0.018629390929086952,-0.009494258991094517,0.02211241786108794,-0.006007884272017709,0.021233509326335814,7.037663456662421e-05,-4.2201735953150545e-05,0.004603858307087611,0.028207024148348067,-0.00916074672852947,-0.0435519445443728,0.005632925789737654,-0.011233878302468749,0.0052993635573964065,0.009842409608205385,-0.01752317315876937,-0.01631750494469764,0.02211241786108794,0.007910829603185822,0.010974839358217293,-0.014089469123946406,-0.01878351318532688,0.02269243851075957,0.0011213112182577184,-0.00733342985967084,0.015528578895225333,0.008989777798506982,0.023085055591116132,0.010866667036010809,-0.0014683922200523498,-0.0006387333442781761,0.009994883191641359,0.015558369008395159,-0.006007884272017709,0.010974839358217293,0.010356075967334982,-0.00030460763465356747,-0.0053029273669834825,-0.00562709584662532,-0.03104508620595212,-0.0017236867703833178,0.0193306174380384,-0.013310804100618029,-0.0025875911224211125,-0.01036163576957895,0.004269055222575018,0.005563269751268809,-0.011917219873239656,-0.00877791527696281,0.021233509326335814,-0.014089469123946406,-0.00030460763465356747,-0.00021827586172033786,0.00683925311461088,0.0016089375350886912,0.001418915601231483,-0.003344097508000377,0.016747838241097306,0.007627390317091944,0.003514768782041134,0.0041853415993643355,0.0008515745373746634,-0.0015653696858866533,-0.00026424663004769586,-0.004360903442931346,7.037663456662421e-05,-0.01878351318532688,-0.0053029273669834825,0.00683925311461088,0.00026452765388798594,0.016350245018735703,-0.015149622870549209,-0.0038635232011039787,0.010650086766381227,-0.015376045022515833,0.01546206740204426,-0.01662792739035,0.012609810449023857,-0.015367118412815082,0.011695027113344948,0.024734894608654835,-4.2201735953150545e-05,0.02269243851075957,-0.00562709584662532,0.0016089375350886912,0.016350245018735703,0.00032551569328465035,-0.0007955728408402639,0.003984849013551179,-0.003501014449083596,-0.0061708426363911075,-0.006815151728541525,0.00305656407046176,0.0039057251892818936,0.00012899251723778226,0.01110675067514861,0.00012290305792428768,0.004603858307087611,0.0011213112182577184,-0.03104508620595212,0.001418915601231483,-0.015149622870549209,-0.0007955728408402639,-0.011641727744022376,-0.006384826896051953,0.006991417193387124,-0.028221687328614853,0.004772639527879323,0.019309282258768913,-3.9232152952619435e-05,0.014070333880168843,0.0012746015687104021,0.013276000704051091,0.028207024148348067,-0.00733342985967084,-0.0017236867703833178,-0.003344097508000377,-0.0038635232011039787,0.003984849013551179,-0.006384826896051953,0.00951987095307006,-0.013873739133071378,0.019078170633353913,-0.020652352967259265,0.010761540953150196,-0.013659663591862905,-0.0028885481312065043,0.001786426780201852,0.014039146368373839,-0.00916074672852947,0.015528578895225333,0.0193306174380384,0.016747838241097306,0.010650086766381227,-0.003501014449083596,0.006991417193387124,-0.013873739133071378,0.01521486456656928,0.006715591402921733,-0.026514558807353296,0.011207671271576044,0.005972974068871079,0.0003044446461538692,0.001091757747126091,-0.00042426260397482665,-0.0435519445443728,0.008989777798506982,-0.013310804100618029,0.007627390317091944,-0.015376045022515833,-0.0061708426363911075,-0.028221687328614853,0.019078170633353913,0.006715591402921733,-0.014422063282791248,0.013521689441134745,0.024163340248950508,-0.01957087662332445,0.010837549250838194,-0.0031871642910802373,0.003930861253364479,0.005632925789737654,0.023085055591116132,-0.0025875911224211125,0.003514768782041134,0.01546206740204426,-0.006815151728541525,0.004772639527879323,-0.020652352967259265,-0.026514558807353296,0.013521689441134745,0.011905607208994771
0.017348608962989086,0.008508221208762627,-0.016097902572541227,0.01913618808478127,0.005407219735694969,0.00037799636789984754,-0.006093385152688445,-0.022998842159558757,0.004344021100911421,0.006709128791195741,-0.00857189843418187,0.022516046584152516,0.0023853357935776005,0.010385189397855125,0.00936801678486245,-0.003943248485254657,0.008508221208762627,0.009603231590764427,-0.012065377974442007,0.005339142174089998,0.01633727648163204,-0.010612180931761217,0.009068420398667143,-0.013859943445352229,0.010405768406617163,0.0004779132053137011,-0.006586540100698399,-0.016955472817618958,-0.014064366756805849,0.013766579513360458,0.019163486068153993,-0.0011286688909842905,-0.016097902572541227,-0.012065377974442007,-0.005195085203191591,0.0342990263539392,0.011309254283852951,-0.0003900650438153336,0.003975319505160518,0.007800238019956381,0.014223262991627468,-0.0004952817271393714,-0.0017591011290899981,0.007698769741444111,0.006576144645419013,0.029401176406836545,0.011114796197743405,-4.9813225269076395e-05,0.01913618808478127,0.005339142174089998,0.0342990263539392,-0.012990447749405457,0.00010847927778895914,-0.012264619435068397,0.010073391206856562,0.026811288449956283,0.021510655894155288,-0.007072792225082648,-0.001354203505135988,-0.018503438448716873,-0.0026595154726813224,-0.018119909346128206,-0.014808270115793751,-0.008795385465996673,0.005407219735694969,0.01633727648163204,0.011309254283852951,0.00010847927778895914,0.0121586608633526,-0.0014308222789475276,-0.0023465791208258043,0.01536794438350204,-0.01649155713346814,0.003686427619489715,0.003973137894835565,-0.005822514570484623,-0.009624958459524676,-0.015176906651796248,0.005057839494542803,0.00915218056920931,0.00037799636789984754,-0.010612180931761217,-0.0003900650438153336,-0.012264619435068397,-0.0014308222789475276,-0.012513142609536052,0.00491899541425199,0.005482477678117509,-0.01593998158420147,0.00032516899916409746,-0.023396240325844423,0.012204888626925578,-0.011441252634241126,-0.0010710974672184488,0.014543560775340745,-0.0055945077129133,-0.006093385152688445,0.009068420398667143,0.003975319505160518,0.010073391206856562,-0.0023465791208258043,0.00491899541425199,0.03282455912805237,-0.019045320896366225,-0.001695567536585235,0.010833573724097552,0.006361488105784517,-0.0029207766523995362,0.0054699911556064075,0.005478149909200336,0.010003733430477469,-0.006841127125714265,-0.022998842159558757,-0.013859943445352229,0.007800238019956381,0.026811288449956283,0.01536794438350204,0.005482477678117509,-0.019045320896366225,-0.006357077553710108,-0.0019949958733340607,0.023267376474735844,0.00288262744876202,0.009077457536860473,0.005636694856836805,0.00983964309944361,0.015131946707846042,-0.0028241918347926727,0.004344021100911421,0.010405768406617163,0.014223262991627468,0.021510655894155288,-0.01649155713346814,-0.01593998158420147,-0.001695567536585235,-0.0019949958733340607,0.0029300505976780633,-0.0030017843564231718,-0.006333385879872857,0.011220715154584901,-0.007554315587521463,-0.003990786467891947,0.002088760034499765,0.020506091544203704,0.006709128791195741,0.0004779132053137011,-0.0004952817271393714,-0.007072792225082648,0.003686427619489715,0.00032516899916409746,0.010833573724097552,0.023267376474735844,-0.0030017843564231718,-0.008790718758030072,0.0007991698464034943,0.00507780492010945,0.000197031461025095,-0.01641833408580923,-0.006813357292437398,-0.009379297765969333,-0.00857189843418187,-0.006586540100698399,-0.0017591011290899981,-0.001354203505135988,0.003973137894835565,-0.023396240325844423,0.006361488105784517,0.00288262744876202,-0.006333385879872857,0.0007991698464034943,-0.0027021218029077837,0.016881310853406065,0.017278084967460725,0.020386511973515868,0.024442558945791917,0.0034067016885464814,0.022516046584152516,-0.016955472817618958,0.007698769741444111,-0.018503438448716873,-0.005822514570484623,0.012204888626925578,-0.0029207766523995362,0.009077457536860473,0.011220715154584901,0.00507780492010945,0.016881310853406065,0.008957225192775115,-0.021153743026554667,-0.0030266887659574577,0.012086987296802286,0.001484212927445606,0.0023853357935776005,-0.014064366756805849,0.006576144645419013,-0.0026595154726813224,-0.009624958459524676,-0.011441252634241126,0.0054699911556064075,0.005636694856836805,-0.007554315587521463,0.000197031461025095,0.017278084967460725,-0.021153743026554667,-0.002971316895176823,-0.01690108038968311,0.008432292706578217,0.002909492954700447,0.010385189397855125,0.013766579513360458,0.029401176406836545,-0.018119909346128206,-0.015176906651796248,-0.0010710974672184488,0.005478149909200336,0.00983964309944361,-0.003990786467891947,-0.01641833408580923,0.020386511973515868,-0.0030266887659574577,-0.01690108038968311,0.007750485387501525,-0.01785931480645397,0.0014514909606345799,0.00936801678486245,0.019163486068153993,0.011114796197743405,-0.014808270115793751,0.005057839494542803,0.014543560775340745,0.010003733430477469,0.015131946707846042,0.002088760034499765,-0.006813357292437398,0.024442558945791917,0.012086987296802286,0.008432292706578217,-0.01785931480645397,0.0006413658905634473,-0.00676296372065812,-0.003943248485254657,-0.0011286688909842905,-4.9813225269076395e-05,-0.008795385465996673,0.00915218056920931,-0.0055945077129133,-0.006841127125714265,-0.0028241918347926727,0.020506091544203704,-0.009379297765969333,0.0034067016885464814,0.001484212927445606,0.002909492954700447,0.0014514909606345799,-0.00676296372065812,0.009391661924697849
0.06588653754940206,-0.00606577258176713,0.005823256756876049,0.0051246811516998635,-0.005550956406585573,-0.005598191345095045,0.009369495827200763,0.0033704375436927727,-0.0038318994012550957,-0.010716828464413707,-0.009483508384344414,0.010588106865553726,-0.015029882020517549,0.0026975959800422714,0.0012482794716076817,-0.001923142863122309,-0.00606577258176713,0.0657185715132663,-0.0026924674150987957,0.012612844311780069,-0.023090432024840565,-0.008202589750596637,0.0037067067095560477,0.022220598441536694,0.019042192647349274,0.010926475183546735,0.007071457498048165,0.022845096278946757,-0.00757174346614588,-0.010739699558902893,-0.007962931819996095,-0.00010352009541593965,0.005823256756876049,-0.0026924674150987957,0.06609873864060387,-0.00012529349123379727,-0.01895592928068505,0.00794471487064766,0.010489091164279232,0.004287241147224364,0.011027861870402876,-0.006135436026906846,0.023884300711523924,-0.023355909428111415,0.018999283643786072,0.0005707932718962235,-0.006747153608617171,0.006731557445002698,0.0051246811516998635,0.012612844311780069,-0.00012529349123379727,0.048882099054005534,0.00015327567993094743,-0.019911303050470248,-0.00276662493498476,0.008154210416279747,-0.0017128829843019724,0.005599821507947569,0.006319013300281923,-0.0017858468909508918,-0.0124132283828414,-0.00566554488576573,0.017976595767845653,-0.02660352766553461,-0.005550956406585573,-0.023090432024840565,-0.01895592928068505,0.00015327567993094743,0.043423754012304805,-0.01653807001019473,0.022126906086304857,0.013472166012041096,0.038729909629964386,0.014153929909193121,0.01347035488896415,0.0014022970906657412,-0.011124249791875769,-0.016003424925557178,-0.017938117472642064,0.0028004084402418307,-0.005598191345095045,-0.008202589750596637,0.00794471487064766,-0.019911303050470248,-0.01653807001019473,0.04565875300873412,-0.027095495536587366,0.02515712680241365,0.020323848529745885,0.007567257157180387,-0.00441916509688436,0.020411571880652825,0.003012338773839476,-0.03235460316516687,-0.008573433690582794,-0.0031166359152026636,0.009369495827200763,0.0037067067095560477,0.010489091164279232,-0.00276662493498476,0.022126906086304857,-0.027095495536587366,0.05099787237078735,0.003313713896997998,-0.006883814682956351,-0.0010339202965095704,-0.011740755498629837,0.004123979787790198,0.018401481119226286,-0.010473373169350767,-0.002096518447904398,0.0036820936802433517,0.0033704375436927727,0.022220598441536694,0.004287241147224364,0.008154210416279747,0.013472166012041096,0.02515712680241365,0.003313713896997998,0.050926272345527546,-0.011385508302626312,-0.000712842258757089,-0.00225140949778875,-0.006028820332605447,-0.003926972610546568,0.027216071856248122,-0.004811117036051415,-0.0034818575349809945,-0.0038318994012550957,0.019042192647349274,0.011027861870402876,-0.0017128829843019724,0.038729909629964386,0.020323848529745885,-0.006883814682956351,-0.011385508302626312,0.059076989482276215,0.00203603522388346,-0.014351944945314889,-0.00565357734472597,-4.033911229125783e-05,0.008539702850385427,0.01770511504510559,0.0007105434291083474,-0.010716828464413707,0.010926475183546735,-0.006135436026906846,0.005599821507947569,0.014153929909193121,0.007567257157180387,-0.0010339202965095704,-0.000712842258757089,0.00203603522388346,0.028712741982102774,0.030482985975810315,-0.028095285258522437,-0.0033243283264748243,0.03348264515289577,0.013197325033493894,-0.0005894152087651292,-0.009483508384344414,0.007071457498048165,0.023884300711523924,0.006319013300281923,0.01347035488896415,-0.00441916509688436,-0.011740755498629837,-0.00225140949778875,-0.014351944945314889,0.030482985975810315,0.03469216255684601,0.007624162592367762,-0.0011979761555890442,-0.010867492060937697,0.0014906271720597664,0.0005152988105983045,0.010588106865553726,0.022845096278946757,-0.023355909428111415,-0.0017858468909508918,0.0014022970906657412,0.020411571880652825,0.004123979787790198,-0.006028820332605447,-0.00565357734472597,-0.028095285258522437,0.007624162592367762,0.046944840971967466,0.011726700294437183,0.016920925045508076,0.007906220970930168,0.011969100104489623,-0.015029882020517549,-0.00757174346614588,0.018999283643786072,-0.0124132283828414,-0.011124249791875769,0.003012338773839476,0.018401481119226286,-0.003926972610546568,-4.033911229125783e-05,-0.0033243283264748243,-0.0011979761555890442,0.011726700294437183,0.048478650219161465,0.020863771281526857,0.0210422607930843,-0.029063317116408714,0.0026975959800422714,-0.010739699558902893,0.0005707932718962235,-0.00566554488576573,-0.016003424925557178,-0.03235460316516687,-0.010473373169350767,0.027216071856248122,0.008539702850385427,0.03348264515289577,-0.010867492060937697,0.016920925045508076,0.020863771281526857,0.05294706597816066,-0.018171961766078163,0.01726979777098613,0.0012482794716076817,-0.007962931819996095,-0.006747153608617171,0.017976595767845653,-0.017938117472642064,-0.008573433690582794,-0.002096518447904398,-0.004811117036051415,0.01770511504510559,0.013197325033493894,0.0014906271720597664,0.007906220970930168,0.0210422607930843,-0.018171961766078163,0.03629596556922739,0.009252146474079322,-0.001923142863122309,-0.00010352009541593965,0.006731557445002698,-0.02660352766553461,0.0028004084402418307,-0.0031166359152026636,0.0036820936802433517,-0.0034818575349809945,0.0007105434291083474,-0.0005894152087651292,0.0005152988105983045,0.011969100104489623,-0.029063317116408714,0.01726979777098613,0.009252146474079322,0.05067024518211582
0.026760700566638734,0.00131859034837045,-0.023605253944428643,-0.009921439858445088,0.00562072766617601,0.0048179516273960275,0.01627566946108895,-0.0012903976594307266,-0.02635395600567521,-0.016307032807902497,0.008066237082677574,-0.01896292515619925,0.0006570002869048766,0.007402988806375622,-0.0022038833233743184,0.012547034428295634,0.00131859034837045,0.03102153025711961,0.014831221083753385,0.0014114315917351003,0.01385003878972342,-0.0007511235479683969,0.02497226026883812,-0.009526786964909618,0.006038931037972912,-0.004157352737996333,0.015673233722601675,0.010104215310040634,0.0031475710048273586,0.0022567621891153972,-0.00279728942453616,-0.02762077586635831,-0.023605253944428643,0.014831221083753385,0.023370503766915518,-0.01308487063606046,-0.015249392923996826,-0.006143196392546085,0.007872967309359071,0.0023315687183728968,-0.009995514006297281,-0.01633433936727321,0.005719407245489119,-0.0014057521854508436,0.007207702767991634,0.009498392079809435,-0.0028013564574854654,0.009616351941423037,-0.009921439858445088,0.0014114315917351003,-0.01308487063606046,0.00905751160742467,-0.008564532970179378,-0.012352961345257067,-5.618989930066182e-05,0.011108011738918377,-0.00020557203721108022,-0.03135948321326497,-0.013940177989224072,-0.0010441042555302926,-0.0022200874298357355,-0.0018020983416679774,0.007032914456133326,-0.015097504241915626,0.00562072766617601,0.01385003878972342,-0.015249392923996826,-0.008564532970179378,0.01685949970520223,-0.01717161952207009,-0.01988046448171522,-0.01560387535510307,0.0023286456035680526,-0.0045540437540200224,-0.029629249381302087,0.01917241535381454,0.017818078345423503,0.01759450365913484,-0.013219682212624295,-0.005420995890180093,0.0048179516273960275,-0.0007511235479683969,-0.006143196392546085,-0.012352961345257067,-0.01717161952207009,0.039878833903445314,-0.009891149745413356,-0.01305980252559291,-0.025412445123400934,0.005272151795532552,-0.022589313837437855,0.008918121538989443,0.00638207316596163,0.003799097117484095,0.016150182715648713,-0.011405664955729842,0.01627566946108895,0.02497226026883812,0.007872967309359071,-5.618989930066182e-05,-0.01988046448171522,-0.009891149745413356,0.04775983769131195,0.009074343426480629,0.0001300121471616517,0.010173450872496494,-0.028503128514850363,0.009271187284887045,0.00291964638550451,-0.012642910307662143,0.008610441643271108,0.0043745696717059504,-0.0012903976594307266,-0.009526786964909618,0.0023315687183728968,0.011108011738918377,-0.01560387535510307,-0.01305980252559291,0.009074343426480629,0.0436471979749186,-0.006745537928100195,0.003067546274700879,-0.000992737199504627,0.0042363124407031475,0.005828589938608473,0.019152863106900158,-0.01331880417715917,-0.0036024262914986895,-0.02635395600567521,0.006038931037972912,-0.009995514006297281,-0.00020557203721108022,0.0023286456035680526,-0.025412445123400934,0.0001300121471616517,-0.006745537928100195,0.032601368583260855,0.010279481925450848,-0.0032076309352694703,-0.006984670940381431,0.003312218399407812,0.0022697990300116107,0.011207051261635048,0.017086635203607748,-0.016307032807902497,-0.004157352737996333,-0.01633433936727321,-0.03135948321326497,-0.0045540437540200224,0.005272151795532552,0.010173450872496494,0.003067546274700879,0.010279481925450848,0.03640523504907712,-0.0021060622496668,0.0020951256015242755,0.015208639563525358,-0.007847571886485067,0.0007852520950777398,0.0006460807798005594,0.008066237082677574,0.015673233722601675,0.005719407245489119,-0.013940177989224072,-0.029629249381302087,-0.022589313837437855,-0.028503128514850363,-0.000992737199504627,-0.0032076309352694703,-0.0021060622496668,0.00877369981423913,0.015993147081942823,0.017752717686927214,-0.00825676297858864,-0.0030886428696097804,-0.012489278579413284,-0.01896292515619925,0.010104215310040634,-0.0014057521854508436,-0.0010441042555302926,0.01917241535381454,0.008918121538989443,0.009271187284887045,0.0042363124407031475,-0.006984670940381431,0.0020951256015242755,0.015993147081942823,0.03351235896068202,-0.03136084331293234,-0.01487838271240941,-0.0007888966476360756,0.02164513848246558,0.0006570002869048766,0.0031475710048273586,0.007207702767991634,-0.0022200874298357355,0.017818078345423503,0.00638207316596163,0.00291964638550451,0.005828589938608473,0.003312218399407812,0.015208639563525358,0.017752717686927214,-0.03136084331293234,0.03806989987998199,-0.011622015311334397,0.002801129372371201,-0.00026382424038721297,0.007402988806375622,0.0022567621891153972,0.009498392079809435,-0.0018020983416679774,0.01759450365913484,0.003799097117484095,-0.012642910307662143,0.019152863106900158,0.0022697990300116107,-0.007847571886485067,-0.00825676297858864,-0.01487838271240941,-0.011622015311334397,0.04272604385779611,0.011378992965699825,0.012135121989682389,-0.0022038833233743184,-0.00279728942453616,-0.0028013564574854654,0.007032914456133326,-0.013219682212624295,0.016150182715648713,0.008610441643271108,-0.01331880417715917,0.011207051261635048,0.0007852520950777398,-0.0030886428696097804,-0.0007888966476360756,0.002801129372371201,0.011378992965699825,0.04731393731941308,0.0009525335086678187,0.012547034428295634,-0.02762077586635831,0.009616351941423037,-0.015097504241915626,-0.005420995890180093,-0.011405664955729842,0.0043745696717059504,-0.0036024262914986895,0.017086635203607748,0.0006460807798005594,-0.012489278579413284,0.02164513848246558,-0.00026382424038721297,0.012135121989682389,0.0009525335086678187,0.027236209297915287
