0.019199315538776997,-0.014597346096095299,-0.00010357471748772911,0.006181919350482497,0.0005454506873021713,0.010044955106392554,-0.019665292679541778,-0.008480913020406572,-0.02361716255827989,0.010858791979817824,0.00562103030350685,0.0004935501496944618,0.01883699415689666,0.018406487333223337,0.021157906994080725,-0.01295657122438258,-0.014597346096095299,0.018761708721937283,0.004096894083614005,0.0003911395678620696,-0.01035757646857853,-0.013377900838879154,-0.012065730769037717,-0.0005563360600535684,-0.001367212405809161,-0.004945459741178061,-0.0035408711984307394,-0.005682422539358089,0.015886622611480716,0.01184196954232998,-0.014970496114073273,0.009462220658563577,-0.00010357471748772911,0.004096894083614005,0.008547282847811942,0.006248693318321012,0.005314201279012152,0.01877711157835172,-0.03176630969973952,-0.018429075381378245,0.0009484254174459733,-0.026784619994849514,-0.02059736453287423,-0.007547417787504504,-0.005630547922146339,-0.010075690480646998,0.013106258166488239,0.002704072370339115,0.006181919350482497,0.0003911395678620696,0.006248693318321012,0.010892901024616528,0.012032830945248813,0.004513662704733995,-0.008214886527608786,0.007848617800647483,0.015305719222579985,0.008807002557582932,0.0014672684249776148,-0.00887256914052858,0.008294049433379453,-0.01281650926740845,-0.010271454032522456,-0.01816699652449897,0.0005454506873021713,-0.01035757646857853,0.005314201279012152,0.012032830945248813,0.0026201211709073607,-0.021709425886776546,0.002146812477926172,-0.018821296605867878,0.01599631075171463,-0.009309605559380827,-0.011189530702973984,-0.02183780590945824,-0.025321988508686902,0.005163715505988669,0.0002329680399454522,-0.007845558942735307,0.010044955106392554,-0.013377900838879154,0.01877711157835172,0.004513662704733995,-0.021709425886776546,-0.019030606175625034,0.0369237717202861,0.026689992464298783,0.005228552347186854,-0.010786263052459782,0.03632861887291117,-0.003093945664504574,0.0042102329543923555,0.010942610868413567,-0.01460455155735045,0.011317082150758728,-0.019665292679541778,-0.012065730769037717,-0.03176630969973952,-0.008214886527608786,0.002146812477926172,0.0369237717202861,0.0017323339138190785,-0.022353106796207733,-0.006656484191770189,-0.012299020318598128,-0.027060687357719382,-0.009223049371859686,0.003964150994114508,0.005462045362949167,0.012586544193259167,-0.01001565873765287,-0.008480913020406572,-0.0005563360600535684,-0.018429075381378245,0.007848617800647483,-0.018821296605867878,0.026689992464298783,-0.022353106796207733,0.015542999587816284,-0.003279235414863402,-0.007641188305500715,-0.02143805818001932,-0.02573158890157897,-0.01414761114647518,0.0027967366545063733,0.011080338826838839,-0.013248444153133806,-0.02361716255827989,-0.001367212405809161,0.0009484254174459733,0.015305719222579985,0.01599631075171463,0.005228552347186854,-0.006656484191770189,-0.003279235414863402,0.014830699673517342,0.011067572055409428,0.007450235639173057,0.0025547755286141863,0.020999104113362983,0.007191133201200022,0.01000402593442161,-0.0011677427139024695,0.010858791979817824,-0.004945459741178061,-0.026784619994849514,0.008807002557582932,-0.009309605559380827,-0.010786263052459782,-0.012299020318598128,-0.007641188305500715,0.011067572055409428,0.016260387735367025,-0.003913127235334575,0.0007726074536923153,-0.018684814037989,0.003809063570522168,-0.009835173419132386,0.004290434445911315,0.00562103030350685,-0.0035408711984307394,-0.02059736453287423,0.0014672684249776148,-0.011189530702973984,0.03632861887291117,-0.027060687357719382,-0.02143805818001932,0.007450235639173057,-0.003913127235334575,0.005488610421109166,-0.011015991694292392,-0.011524529283608245,-0.0051048380672472325,-0.012606395526766272,1.1653173443749126e-05,0.0004935501496944618,-0.005682422539358089,-0.007547417787504504,-0.00887256914052858,-0.02183780590945824,-0.003093945664504574,-0.009223049371859686,-0.02573158890157897,0.0025547755286141863,0.0007726074536923153,-0.011015991694292392,-0.005746250590238491,-0.007835646674610761,-0.0029088146160000457,-0.0025845117065809516,-0.0213005387869658,0.01883699415689666,0.015886622611480716,-0.005630547922146339,0.008294049433379453,-0.025321988508686902,0.0042102329543923555,0.003964150994114508,-0.01414761114647518,0.020999104113362983,-0.018684814037989,-0.011524529283608245,-0.007835646674610761,0.02133112095046373,-0.00701960911245212,-0.005001244512598242,-0.006702573594979849,0.018406487333223337,0.01184196954232998,-0.010075690480646998,-0.01281650926740845,0.005163715505988669,0.010942610868413567,0.005462045362949167,0.0027967366545063733,0.007191133201200022,0.003809063570522168,-0.0051048380672472325,-0.0029088146160000457,-0.00701960911245212,0.008584620736080302,-0.007671190637561933,0.012020658545261013,0.021157906994080725,-0.014970496114073273,0.013106258166488239,-0.010271454032522456,0.0002329680399454522,-0.01460455155735045,0.012586544193259167,0.011080338826838839,0.01000402593442161,-0.009835173419132386,-0.012606395526766272,-0.0025845117065809516,-0.005001244512598242,-0.007671190637561933,0.0021103356343038365,0.024157275501669052,-0.01295657122438258,0.009462220658563577,0.002704072370339115,-0.01816699652449897,-0.007845558942735307,0.011317082150758728,-0.01001565873765287,-0.013248444153133806,-0.0011677427139024695,0.004290434445911315,1.1653173443749126e-05,-0.0213005387869658,-0.006702573594979849,0.012020658545261013,0.024157275501669052,-0.005217835495765807
-0.022827117346947007,-0.0026875009712624904,0.01352616408172893,-0.010602237646581095,-0.002416880186416236,0.009598256064493025,0.027958725286016717,-0.025068128463509715,-0.023866600020382826,0.004258570439071519,-0.010407605848088867,0.0032643658399362746,-0.010515123762520983,-0.0007152731750692672,0.000993546933162927,-0.0035465905071187472,-0.0026875009712624904,-0.012232092126915874,0.004186128489469097,-0.008498537755534637,0.00463452165058048,-0.006468670674072906,-0.013227998348300006,-0.004200511174116336,-0.028485896422920005,-0.0041116329022417315,-0.0022823845800724633,0.015097210668672822,-0.013024137127080919,0.008833134096875207,-0.014559158941190798,-0.002329091848258355,0.01352616408172893,0.004186128489469097,-0.019442866049988607,0.005189864348999237,0.0038371049158994874,-0.012893170448080507,-0.019984660893640236,-0.0008379968141539065,0.0006534973168988603,-0.004833085533219867,0.012051368604466964,0.02168376758303496,0.003032869170455447,-0.01616188510577484,0.010265959456587462,-0.011276118728007982,-0.010602237646581095,-0.008498537755534637,0.005189864348999237,-0.012962660617656031,0.025322476060206708,-0.012594695714897186,0.002184335197445931,-0.016401227610520562,-0.00656959481572721,0.012631033799062124,-0.022087231824426023,0.005980796759816774,-0.010074320100813825,-0.004967903873528747,0.012397551954125802,0.008926405674371972,-0.002416880186416236,0.00463452165058048,0.0038371049158994874,0.025322476060206708,-0.028758020414501637,0.02583944520803285,0.0046078741585857995,0.029010915107021022,-0.016069170063708876,-0.015627068416929218,0.011876544591035933,-0.03747782869086329,-0.005826615107026929,0.002234044847223769,-0.018017361764282036,0.00215939763394183,0.009598256064493025,-0.006468670674072906,-0.012893170448080507,-0.012594695714897186,0.02583944520803285,-0.02455001976476083,-0.010418743766618672,-0.013213627744879226,0.014392385293714421,-0.014966256823629303,0.00565315906931854,0.02459181955167457,-0.0058100512385070085,-0.010285394173169336,0.008794705311799584,0.0018149040671618549,0.027958725286016717,-0.013227998348300006,-0.019984660893640236,0.002184335197445931,0.0046078741585857995,-0.010418743766618672,-0.03135563384641106,-0.008004904193848604,-0.004198198742846226,-0.013824605615960814,-0.012503330679935136,0.014351777394000287,0.000573831892361067,-0.009579584500127943,-0.0012034534114731168,-0.020659929834473057,-0.025068128463509715,-0.004200511174116336,-0.0008379968141539065,-0.016401227610520562,0.029010915107021022,-0.013213627744879226,-0.008004904193848604,-0.03084112191542676,-0.0014145106077384007,0.008733704709274334,-0.020738587356064035,0.029259846560153124,-0.006068397419555651,-0.0077307584265759784,0.006580353079129926,-0.020349687359912896,-0.023866600020382826,-0.028485896422920005,0.0006534973168988603,-0.00656959481572721,-0.016069170063708876,0.014392385293714421,-0.004198198742846226,-0.0014145106077384007,-0.025143816522619877,-0.004335831194203786,-0.017338062653764395,0.0036966576365726833,-0.019118330791561867,-0.0010275160348633104,-0.01954377245083867,-0.010025426446147264,0.004258570439071519,-0.0041116329022417315,-0.004833085533219867,0.012631033799062124,-0.015627068416929218,-0.014966256823629303,-0.013824605615960814,0.008733704709274334,-0.004335831194203786,-0.029514640278882745,0.01625480329037264,-0.006137496156951599,-0.0025040303499948564,-0.02256270461938009,-0.024656804182193022,-0.010502184696061847,-0.010407605848088867,-0.0022823845800724633,0.012051368604466964,-0.022087231824426023,0.011876544591035933,0.00565315906931854,-0.012503330679935136,-0.020738587356064035,-0.017338062653764395,0.01625480329037264,-0.04341446878591418,0.007526539357617881,-0.024541170421132456,-0.015338659034336266,0.014481936764956497,-0.01557641025013244,0.0032643658399362746,0.015097210668672822,0.02168376758303496,0.005980796759816774,-0.03747782869086329,0.02459181955167457,0.014351777394000287,0.029259846560153124,0.0036966576365726833,-0.006137496156951599,0.007526539357617881,-0.03567520516968063,-0.007820248766009107,0.005073077097663344,-0.014761259914437263,0.016379756123705562,-0.010515123762520983,-0.013024137127080919,0.003032869170455447,-0.010074320100813825,-0.005826615107026929,-0.0058100512385070085,0.000573831892361067,-0.006068397419555651,-0.019118330791561867,-0.0025040303499948564,-0.024541170421132456,-0.007820248766009107,-0.014670916339616355,0.00381099603977782,-0.0005651700981944254,-0.0035023757844522985,-0.0007152731750692672,0.008833134096875207,-0.01616188510577484,-0.004967903873528747,0.002234044847223769,-0.010285394173169336,-0.009579584500127943,-0.0077307584265759784,-0.0010275160348633104,-0.02256270461938009,-0.015338659034336266,0.005073077097663344,0.00381099603977782,-0.0200072165573641,0.001931249212780936,-0.019209404858827467,0.000993546933162927,-0.014559158941190798,0.010265959456587462,0.012397551954125802,-0.018017361764282036,0.008794705311799584,-0.0012034534114731168,0.006580353079129926,-0.01954377245083867,-0.024656804182193022,0.014481936764956497,-0.014761259914437263,-0.0005651700981944254,0.001931249212780936,-0.010539998359820967,0.001872454803184158,-0.0035465905071187472,-0.002329091848258355,-0.011276118728007982,0.008926405674371972,0.00215939763394183,0.0018149040671618549,-0.020659929834473057,-0.020349687359912896,-0.010025426446147264,-0.010502184696061847,-0.01557641025013244,0.016379756123705562,-0.0035023757844522985,-0.019209404858827467,0.001872454803184158,-0.013873924104118224
-0.038527225009893334,0.0005589411366858365,0.01061527273771447,0.005361193073583628,-0.0086300560120345,0.013955952639931105,-0.010215212061530402,-0.004275532256984214,-0.021155903231723946,-0.0011470795769022296,0.024327088416653903,0.004311994177653584,0.007820300847485364,0.004861381157927201,-0.017552974458806877,-0.012361206526455603,0.0005589411366858365,-0.017637424809059,0.011716058960636329,-0.01607104669853431,-0.026769148986479606,0.00432555539448366,-0.032319018709576416,0.006223354481573711,0.021688099715199003,-0.015974866245831974,-0.008690890438727814,0.025212521959729856,0.018584907365531034,-0.018998914923755113,0.024958556891444262,0.02266455680912189,0.01061527273771447,0.011716058960636329,-0.01322578792242346,-0.005219421237607413,0.013926882692312195,0.020173549325029655,0.0066651895403558505,-0.02133459050911353,-0.00034567680175755347,0.009850537116241847,0.0276865859966788,0.0033038841104400386,-0.018748913777820477,0.008590364820154201,-0.0042974476133247974,-0.004812803431816929,0.005361193073583628,-0.01607104669853431,-0.005219421237607413,-0.001631211554233132,0.008937444867878643,0.00613927052594765,0.00210504573359106,-0.021427996818594634,-0.011607119637199955,-0.004414552162254106,-0.01794247559260052,0.0028069777470898054,-0.0008024608607359551,-0.005061648933248745,0.006470515465092092,0.0012963914492006546,-0.0086300560120345,-0.026769148986479606,0.013926882692312195,0.008937444867878643,-0.01835369697992177,0.0008406871199239845,-0.016462286234407465,0.010461230737313403,0.015239918175067728,-0.004313482787656404,0.001181396584886581,0.01770211625491213,0.011091062517207886,-0.001654423872673052,0.01614652913444812,0.024187481550962054,0.013955952639931105,0.00432555539448366,0.020173549325029655,0.00613927052594765,0.0008406871199239845,-0.0008966887018745373,0.01675590067643303,0.02968563196672452,0.008850656118615787,-0.005287923641665104,-0.018216200263533263,-0.005564004690530757,0.0014559526204772565,-0.01662413302888525,0.005247069174141592,0.005649713631929209,-0.010215212061530402,-0.032319018709576416,0.0066651895403558505,0.00210504573359106,-0.016462286234407465,0.01675590067643303,-0.004305635768893874,0.016718170627794512,0.009028179911456345,0.0017190478563801539,-0.0006397315305663228,0.0348825272414957,0.002761566979484583,0.009122192993328716,0.007532091844751259,0.03206942714345896,-0.004275532256984214,0.006223354481573711,-0.02133459050911353,-0.021427996818594634,0.010461230737313403,0.02968563196672452,0.016718170627794512,-0.0182986473348504,-0.00843473189723304,0.01962692984680582,0.008890760950550025,-0.006972947107627332,-0.001301499741549476,0.007003825966463094,-0.01556825471333265,-0.025485976727361963,-0.021155903231723946,0.021688099715199003,-0.00034567680175755347,-0.011607119637199955,0.015239918175067728,0.008850656118615787,0.009028179911456345,-0.00843473189723304,-0.008647911356354746,-0.0086232338187133,-0.016943728743332408,-0.013792374810826727,-0.012243584988771481,0.0070484293347923,0.004278882972642329,-0.02222081832865477,-0.0011470795769022296,-0.015974866245831974,0.009850537116241847,-0.004414552162254106,-0.004313482787656404,-0.005287923641665104,0.0017190478563801539,0.01962692984680582,-0.0086232338187133,0.0012148718661030289,-0.009459279234955539,-0.013439891031043797,-0.0013487294364047317,-0.016164590758903252,0.020734317634962272,0.0011255222492377456,0.024327088416653903,-0.008690890438727814,0.0276865859966788,-0.01794247559260052,0.001181396584886581,-0.018216200263533263,-0.0006397315305663228,0.008890760950550025,-0.016943728743332408,-0.009459279234955539,-0.0023655944468108647,-0.001029975688523831,-0.004393095516648513,-0.003966432641428022,0.017166312792792807,0.0006816324039025056,0.004311994177653584,0.025212521959729856,0.0033038841104400386,0.0028069777470898054,0.01770211625491213,-0.005564004690530757,0.0348825272414957,-0.006972947107627332,-0.013792374810826727,-0.013439891031043797,-0.001029975688523831,-0.00039414749151701206,-7.181487342037736e-05,-0.0011263178792393575,-0.008956513562125514,-0.028503400655674728,0.007820300847485364,0.018584907365531034,-0.018748913777820477,-0.0008024608607359551,0.011091062517207886,0.0014559526204772565,0.002761566979484583,-0.001301499741549476,-0.012243584988771481,-0.0013487294364047317,-0.004393095516648513,-7.181487342037736e-05,-0.0012604541285494916,0.019529348562469476,-0.006997619069602222,0.00579391545920614,0.004861381157927201,-0.018998914923755113,0.008590364820154201,-0.005061648933248745,-0.001654423872673052,-0.01662413302888525,0.009122192993328716,0.007003825966463094,0.0070484293347923,-0.016164590758903252,-0.003966432641428022,-0.0011263178792393575,0.019529348562469476,0.00917167574658339,0.02108474611198408,0.003852383584810752,-0.017552974458806877,0.024958556891444262,-0.0042974476133247974,0.006470515465092092,0.01614652913444812,0.005247069174141592,0.007532091844751259,-0.01556825471333265,0.004278882972642329,0.020734317634962272,0.017166312792792807,-0.008956513562125514,-0.006997619069602222,0.02108474611198408,0.00862722268874798,-0.011123309585555016,-0.012361206526455603,0.02266455680912189,-0.004812803431816929,0.0012963914492006546,0.024187481550962054,0.005649713631929209,0.03206942714345896,-0.025485976727361963,-0.02222081832865477,0.0011255222492377456,0.0006816324039025056,-0.028503400655674728,0.00579391545920614,0.003852383584810752,-0.011123309585555016,-0.009253905139862822
0.01774316842889436,-0.01000230658442685,0.0001437038449068664,-0.003838669803822426,0.002488170533134777,0.025162724068356474,0.0025958915610830384,0.02456219010991248,-0.022281982253224995,0.0029785564567292844,-0.014780059018979996,0.026188821238338947,-0.006758794626642623,0.015498687375035482,-0.012940217356621608,0.0036140176463213447,-0.01000230658442685,0.005076920796849446,-0.0033641796303349536,0.012635111360398183,-0.0016703858747551244,-0.0033399976969576994,0.02314808222672162,-0.011393671814421708,-0.007948827783816377,0.002736377668478054,0.003323572347137478,0.018754498763635486,-0.012687376288995036,0.03748981866050083,0.0014319066249629771,0.018778643210603508,0.0001437038449068664,-0.0033641796303349536,0.017390937171802942,-0.024790271220333386,-0.0077195348070334905,0.005338322149440786,-0.004560314225370985,-0.01121817131581407,0.020681928623158485,0.0015709228415280198,0.006714707594530183,-0.0037063648366737496,0.00845804797915479,0.01913877722059106,-0.01127790036519222,-0.013355130711736725,-0.003838669803822426,0.012635111360398183,-0.024790271220333386,-0.0043606649545458315,-0.027216559927647262,0.02418826552310053,-0.014249218823177052,0.027166853895110102,0.024538679846018697,-0.014926801551392262,-0.002935894967697821,-0.011378863856459002,0.0284595451742942,-0.01226290393634429,-0.011120791579583619,-0.012807825494343738,0.002488170533134777,-0.0016703858747551244,-0.0077195348070334905,-0.027216559927647262,0.024355179443088078,-0.00965386527756205,0.0024462181435620923,0.0012610720561841995,0.023542103329146247,0.010125260891766182,-0.009619441883360445,-0.0007077141942966833,0.019103932204506274,-0.01170600871411672,0.0017356780898821098,0.007511587392660094,0.025162724068356474,-0.0033399976969576994,0.005338322149440786,0.02418826552310053,-0.00965386527756205,0.027558576873255067,0.003026590956808213,-0.005999728420330679,0.01098511077225521,0.0022714104511214767,-0.00030225927352232874,-0.008904070647724775,-0.0004600975464896007,-0.014300278466120711,0.0173738115276714,0.004279571505900519,0.0025958915610830384,0.02314808222672162,-0.004560314225370985,-0.014249218823177052,0.0024462181435620923,0.003026590956808213,0.03197120216857421,0.013312056115032328,0.015798311722622117,0.012282220146000916,0.020836377371494262,-0.01272426941794044,0.0012624928536265276,-0.0063319626847509495,0.003148414358773467,-0.014682796918495918,0.02456219010991248,-0.011393671814421708,-0.01121817131581407,0.027166853895110102,0.0012610720561841995,-0.005999728420330679,0.013312056115032328,0.002515110930143727,0.011077833467862922,0.01940828516801767,0.03038973727699993,0.0028752368286281754,-0.006099557848996651,0.010892033340359639,-0.007969251493806503,0.010390256643916598,-0.022281982253224995,-0.007948827783816377,0.020681928623158485,0.024538679846018697,0.023542103329146247,0.01098511077225521,0.015798311722622117,0.011077833467862922,0.0092210849770335,-0.004869185216461402,-0.013276117170889598,0.01938805707472237,-0.014047545286061154,0.013369758847164502,-0.0027501437014483135,-0.0031566015033153007,0.0029785564567292844,0.002736377668478054,0.0015709228415280198,-0.014926801551392262,0.010125260891766182,0.0022714104511214767,0.012282220146000916,0.01940828516801767,-0.004869185216461402,0.023868002078110892,-0.021217044163953633,-0.013065203127672035,0.0028874897375178636,-0.014206341767084176,-0.0003868691986049978,-5.624535860370991e-05,-0.014780059018979996,0.003323572347137478,0.006714707594530183,-0.002935894967697821,-0.009619441883360445,-0.00030225927352232874,0.020836377371494262,0.03038973727699993,-0.013276117170889598,-0.021217044163953633,0.00554044590741784,0.008332184927398704,-0.002815399589276922,-0.007182417791267715,0.017698733843705128,0.004298515548631042,0.026188821238338947,0.018754498763635486,-0.0037063648366737496,-0.011378863856459002,-0.0007077141942966833,-0.008904070647724775,-0.01272426941794044,0.0028752368286281754,0.01938805707472237,-0.013065203127672035,0.008332184927398704,0.017517880166174893,0.015438874945091764,-0.00629649248221853,0.015407301218638947,0.004006101581533727,-0.006758794626642623,-0.012687376288995036,0.00845804797915479,0.0284595451742942,0.019103932204506274,-0.0004600975464896007,0.0012624928536265276,-0.006099557848996651,-0.014047545286061154,0.0028874897375178636,-0.002815399589276922,0.015438874945091764,0.02219961346527822,0.020870977350130823,0.006423600484259038,0.004767825645283457,0.015498687375035482,0.03748981866050083,0.01913877722059106,-0.01226290393634429,-0.01170600871411672,-0.014300278466120711,-0.0063319626847509495,0.010892033340359639,0.013369758847164502,-0.014206341767084176,-0.007182417791267715,-0.00629649248221853,0.020870977350130823,0.009871711392711091,0.00811279473058669,-0.010154066195296185,-0.012940217356621608,0.0014319066249629771,-0.01127790036519222,-0.011120791579583619,0.0017356780898821098,0.0173738115276714,0.003148414358773467,-0.007969251493806503,-0.0027501437014483135,-0.0003868691986049978,0.017698733843705128,0.015407301218638947,0.006423600484259038,0.00811279473058669,0.03151647502322134,-0.0019671261979900805,0.0036140176463213447,0.018778643210603508,-0.013355130711736725,-0.012807825494343738,0.007511587392660094,0.004279571505900519,-0.014682796918495918,0.010390256643916598,-0.0031566015033153007,-5.624535860370991e-05,0.004298515548631042,0.004006101581533727,0.004767825645283457,-0.010154066195296185,-0.0019671261979900805,0.034518344845540755
0.0038140835923200223,-0.019733259098930853,-0.021807002838178456,-0.0005443501608792126,-0.0029562046894513493,0.020057073746253446,-0.008081335394791373,0.040148759729977564,0.018452366981895927,-0.004414862801436637,-0.0031344381791460307,0.004007689824747648,-0.0088745935510602,0.019069136092042673,0.00410806199636934,-0.010617254004032118,-0.019733259098930853,0.026531891395126926,-0.010188208630552567,-0.015074901280891798,0.0009800034304075418,0.0060525284151782535,-0.0016626402898763687,-0.004786446295061351,-0.010048663642812358,-0.02521176491529632,0.01491372076258392,-0.0028089834588216193,0.005812485276452267,-0.0070509333098178004,-0.0004890932810935854,0.0005513000634968536,-0.021807002838178456,-0.010188208630552567,0.02351563026345911,-0.001278129839171376,0.010147453936568764,0.017134313899631444,0.005018860827027892,0.006522333774344721,0.02025879106307701,-0.011712664654214174,0.004491301188226982,-0.01406744930986545,0.0025356633981943365,0.021813922461195224,-0.010560429888801036,-0.016750179770697423,-0.0005443501608792126,-0.015074901280891798,-0.001278129839171376,0.014988958871434394,0.016535357997102602,0.001243017952123038,-0.01533742165651789,-0.019801810061367126,-0.011507265387841595,-0.016419264916839763,-0.01375417999600185,0.002076570645226346,0.009633002712700713,-0.014131752030409122,-0.011633125077685363,-0.008745599520534034,-0.0029562046894513493,0.0009800034304075418,0.010147453936568764,0.016535357997102602,0.01421582730577177,0.006115050122559191,0.03345947367264805,0.020516606323254163,-0.002230206863720328,0.015559101015727312,0.001994470869989935,-0.02749660475791895,0.006850027869315558,-0.016393097693863313,-0.019494659134622713,0.018687397277885983,0.020057073746253446,0.0060525284151782535,0.017134313899631444,0.001243017952123038,0.006115050122559191,0.026564793318529727,-0.02698832871443475,-0.01632000036587465,-0.014824462404239016,0.0006898787799897373,0.004319848231696545,0.011592981562401447,-0.018599687121940215,0.004889520893496935,-0.006838065598978924,-0.005698206070180443,-0.008081335394791373,-0.0016626402898763687,0.005018860827027892,-0.01533742165651789,0.03345947367264805,-0.02698832871443475,0.011702538047118294,-0.009215062538686819,0.0021173415114186717,-0.005828778118925193,-0.0070480566587339975,0.01781854104357674,-0.01675955282906051,0.02140043195127385,0.008789569849000325,-0.013126180737886803,0.040148759729977564,-0.004786446295061351,0.006522333774344721,-0.019801810061367126,0.020516606323254163,-0.01632000036587465,-0.009215062538686819,0.022902203736642326,-0.013811687857567877,-0.012836701072053406,0.018488190066002077,0.0030152061277774027,0.013271661869979879,-0.014741048518576447,0.012845645537544413,0.01471853732266561,0.018452366981895927,-0.010048663642812358,0.02025879106307701,-0.011507265387841595,-0.002230206863720328,-0.014824462404239016,0.0021173415114186717,-0.013811687857567877,0.04031404594473271,-0.014014417632867435,-0.0036551326553230633,0.005152309693784487,0.01122204399271713,-0.007018946321349792,-0.010471875936703057,0.003801827726371881,-0.004414862801436637,-0.02521176491529632,-0.011712664654214174,-0.016419264916839763,0.015559101015727312,0.0006898787799897373,-0.005828778118925193,-0.012836701072053406,-0.014014417632867435,0.03997095125779133,0.00027967580219817866,0.0027452977262423005,0.005050466331812936,-0.002140264956431448,0.011379416485192742,-0.011511674988243995,-0.0031344381791460307,0.01491372076258392,0.004491301188226982,-0.01375417999600185,0.001994470869989935,0.004319848231696545,-0.0070480566587339975,0.018488190066002077,-0.0036551326553230633,0.00027967580219817866,0.0321928864533267,0.004060343917074931,-0.0037118084529194155,0.0029976439625819884,-0.012634821201618459,-0.001319341370694978,0.004007689824747648,-0.0028089834588216193,-0.01406744930986545,0.002076570645226346,-0.02749660475791895,0.011592981562401447,0.01781854104357674,0.0030152061277774027,0.005152309693784487,0.0027452977262423005,0.004060343917074931,0.044503687014211105,0.01875709023235934,0.00596060400902026,-0.020132726610107954,0.005824902141260037,-0.0088745935510602,0.005812485276452267,0.0025356633981943365,0.009633002712700713,0.006850027869315558,-0.018599687121940215,-0.01675955282906051,0.013271661869979879,0.01122204399271713,0.005050466331812936,-0.0037118084529194155,0.01875709023235934,0.04232568318185938,-0.0029093247186326005,0.009815259135969624,-0.016037308612339946,0.019069136092042673,-0.0070509333098178004,0.021813922461195224,-0.014131752030409122,-0.016393097693863313,0.004889520893496935,0.02140043195127385,-0.014741048518576447,-0.007018946321349792,-0.002140264956431448,0.0029976439625819884,0.00596060400902026,-0.0029093247186326005,0.019073147783365538,0.017209540978445004,0.01517927773613166,0.00410806199636934,-0.0004890932810935854,-0.010560429888801036,-0.011633125077685363,-0.019494659134622713,-0.006838065598978924,0.008789569849000325,0.012845645537544413,-0.010471875936703057,0.011379416485192742,-0.012634821201618459,-0.020132726610107954,0.009815259135969624,0.017209540978445004,0.0192477064728363,-0.0034925850060572596,-0.010617254004032118,0.0005513000634968536,-0.016750179770697423,-0.008745599520534034,0.018687397277885983,-0.005698206070180443,-0.013126180737886803,0.01471853732266561,0.003801827726371881,-0.011511674988243995,-0.001319341370694978,0.005824902141260037,-0.016037308612339946,0.01517927773613166,-0.0034925850060572596,0.019753715151397178
0.007920915674397823,0.009882306272773457,0.00417271531545221,-0.00625738715959371,-0.015385102396665747,0.006894561414868465,-0.015430285333296129,0.0015546716235178921,0.006693319713649853,0.0043456528298230004,0.003191699787840788,-0.00768587416460378,0.007501683924920294,0.004153990575695498,0.0024581480546509017,0.00794970777233568,0.009882306272773457,-0.005440220637386167,-0.023456544394039477,-0.0024597532549171107,0.03339159310781417,-0.012804344241368134,-0.00660740398657701,0.014390571651173452,-0.0066807855294802225,0.007610792616334433,-0.006713070302005181,-0.0038214727654751804,-0.010134586909249647,-0.008949794328066805,-0.003951979688013516,-0.005842617401139049,0.00417271531545221,-0.023456544394039477,0.0016746720739222176,0.008309734615080716,0.010875438276572835,-0.005159586140172112,-0.00854132456451634,0.0009250488519676401,0.000899109883558328,-0.0006324929518966367,-0.0027634092692242485,0.00872016227171205,0.0025498289809534804,0.007781611719357582,-0.009959572529616913,0.0021510721989483504,-0.00625738715959371,-0.0024597532549171107,0.008309734615080716,0.004242990933398964,-0.008644110451886929,0.01582802400541003,0.0025218091627464082,-0.008834709732607115,-0.0017952436291868983,0.001082444203097439,0.022547576299033156,-0.00897254075140785,-0.005054250472075422,-0.01047296865910661,-0.0038360751795678797,-0.00442060409290096,-0.015385102396665747,0.03339159310781417,0.010875438276572835,-0.008644110451886929,0.0033403067669250455,0.01753486753121277,0.0031428520111526498,-0.018996480467990188,-0.006510467797666036,-0.021499842965303665,0.0006452204411585866,-0.007441708258183891,0.010463734558329137,5.695766844739034e-06,0.011403666720451193,0.005955888862551574,0.006894561414868465,-0.012804344241368134,-0.005159586140172112,0.01582802400541003,0.01753486753121277,-0.002863006192630954,-0.004198511848469008,0.011327242588581326,-0.013110812326853884,0.006629680730808958,-0.030659026954445348,0.009548397115094125,-0.0008017352166200894,-0.014055209336632275,-0.0010920138517934801,-0.008646068396025358,-0.015430285333296129,-0.00660740398657701,-0.00854132456451634,0.0025218091627464082,0.0031428520111526498,-0.004198511848469008,-5.93912874582922e-05,0.0075665399430598175,0.01775686584772301,-0.012393993637319948,-0.0192062255962308,-0.00769704239962279,0.008549735797879224,0.0035251990942518165,0.01861508503208667,0.007926763126565456,0.0015546716235178921,0.014390571651173452,0.0009250488519676401,-0.008834709732607115,-0.018996480467990188,0.011327242588581326,0.0075665399430598175,-0.014447417744414673,-0.01227559636863203,-0.022412060811219273,0.019020988769850082,-0.021755910608583697,-0.02727775818173703,-0.008723056434374729,0.009804778551649665,0.011494669644694887,0.006693319713649853,-0.0066807855294802225,0.000899109883558328,-0.0017952436291868983,-0.006510467797666036,-0.013110812326853884,0.01775686584772301,-0.01227559636863203,-0.02074829190432516,0.001002336156735104,-0.012965803020702736,-0.006365512362844487,-0.024039713882668477,-0.028455108126441486,-0.00038127521953863986,0.028525876350991575,0.0043456528298230004,0.007610792616334433,-0.0006324929518966367,0.001082444203097439,-0.021499842965303665,0.006629680730808958,-0.012393993637319948,-0.022412060811219273,0.001002336156735104,-0.01401171105202853,0.004026342173750577,-0.020449814668560093,0.00341081557461298,0.000188594065883365,0.014787024477912532,0.007687261351663926,0.003191699787840788,-0.006713070302005181,-0.0027634092692242485,0.022547576299033156,0.0006452204411585866,-0.030659026954445348,-0.0192062255962308,0.019020988769850082,-0.012965803020702736,0.004026342173750577,0.005273335252874926,0.001648842806293021,-0.00034947395435216527,-0.008375873620172362,0.0038013020775993713,-0.005375849767459603,-0.00768587416460378,-0.0038214727654751804,0.00872016227171205,-0.00897254075140785,-0.007441708258183891,0.009548397115094125,-0.00769704239962279,-0.021755910608583697,-0.006365512362844487,-0.020449814668560093,0.001648842806293021,0.0027678767217511058,-0.02015138096174193,-0.020918525745142868,-0.006475289133499688,0.011174408342064892,0.007501683924920294,-0.010134586909249647,0.0025498289809534804,-0.005054250472075422,0.010463734558329137,-0.0008017352166200894,0.008549735797879224,-0.02727775818173703,-0.024039713882668477,0.00341081557461298,-0.00034947395435216527,-0.02015138096174193,-0.00040153719647778585,-0.0015164218852638364,-0.01468989281529023,-0.009422227336158561,0.004153990575695498,-0.008949794328066805,0.007781611719357582,-0.01047296865910661,5.695766844739034e-06,-0.014055209336632275,0.0035251990942518165,-0.008723056434374729,-0.028455108126441486,0.000188594065883365,-0.008375873620172362,-0.020918525745142868,-0.0015164218852638364,0.0030187674320559382,-0.0027015785551639505,0.021100021169618923,0.0024581480546509017,-0.003951979688013516,-0.009959572529616913,-0.0038360751795678797,0.011403666720451193,-0.0010920138517934801,0.01861508503208667,0.009804778551649665,-0.00038127521953863986,0.014787024477912532,0.0038013020775993713,-0.006475289133499688,-0.01468989281529023,-0.0027015785551639505,0.010278283531533164,-0.01619504291902547,0.00794970777233568,-0.005842617401139049,0.0021510721989483504,-0.00442060409290096,0.005955888862551574,-0.008646068396025358,0.007926763126565456,0.011494669644694887,0.028525876350991575,0.007687261351663926,-0.005375849767459603,0.011174408342064892,-0.009422227336158561,0.021100021169618923,-0.01619504291902547,0.0019200412532189778
0.047423028351116635,-0.004843360639380044,-0.0034673768055271813,0.0075339664843513425,-0.005876347748998022,0.013635497859451003,-0.002121332404115329,0.017854319981843742,0.011168784592061937,0.007116668747011814,-0.019249342725681337,0.0208051473141142,-0.008701043611898149,0.0022154733766243926,0.004289765265546858,-0.003320274363046325,-0.004843360639380044,0.037336541900178315,0.0030164012801253593,0.003367002145930949,-0.004412937169433446,0.005010311076595351,-0.013983353269993682,0.0017015019473740373,0.02813262857002369,-0.006309748648850207,0.0042489178774536614,0.00481543630664964,-0.008443549905298824,0.006612879461873702,0.008869754295209196,-0.0023718816147077484,-0.0034673768055271813,0.0030164012801253593,0.03586909956590686,0.012343212773265846,-0.013299733658909239,-0.005766923168098184,-0.0015029330496846042,-0.014381022769145178,0.01043232030516383,0.029031664643084747,0.007771849422108542,-0.008384387582304208,-0.0019598783309821097,-0.005635612613755274,-0.026215648879565935,0.009952349494014292,0.0075339664843513425,0.003367002145930949,0.012343212773265846,0.022533909212728645,0.009184119346661326,0.01344300022317745,0.003329601762191506,-0.003972388228606117,0.0035767452397574,-0.020798900230586753,-0.004803470531315058,-0.01282081419314857,-0.009391537776784007,0.001300787275366748,0.02670515045403822,-0.006846510580926519,-0.005876347748998022,-0.004412937169433446,-0.013299733658909239,0.009184119346661326,0.035496874813360044,-0.005086998436655668,-0.004613620094882218,-0.004532637976037121,0.010022543514165422,0.00464482580322565,-0.008648574114691982,-0.0038397118727068074,-0.005574419492497104,-0.006376672024504472,-0.01777936078425137,0.009769348593181144,0.013635497859451003,0.005010311076595351,-0.005766923168098184,0.01344300022317745,-0.005086998436655668,0.02763639668794724,0.016118300812150575,-0.019230828123750394,0.0120339074810729,0.02113798078223255,0.0050566427012300385,-0.009107927914380868,-0.004956075052494737,-0.00016419550292838615,-0.022955481616203897,0.005404934745460175,-0.002121332404115329,-0.013983353269993682,-0.0015029330496846042,0.003329601762191506,-0.004613620094882218,0.016118300812150575,0.015865670545202215,0.02082823270898211,-0.010133720495393132,0.005068741893578164,-0.01403209316766797,-0.006699672761953662,-0.007988578871261465,-0.013820152942187042,-0.003602654256366348,0.007061372404730014,0.017854319981843742,0.0017015019473740373,-0.014381022769145178,-0.003972388228606117,-0.004532637976037121,-0.019230828123750394,0.02082823270898211,0.002846145187812593,0.018508020931050438,0.0023642302980742998,0.021778349839262676,0.007916619719608478,-0.0050734388334616526,0.0010951733143776598,-0.01758111226214655,0.012399957098407232,0.011168784592061937,0.02813262857002369,0.01043232030516383,0.0035767452397574,0.010022543514165422,0.0120339074810729,-0.010133720495393132,0.018508020931050438,2.877206750948047e-05,-0.018896987043873548,-0.01136124832845709,-0.00957955321990206,0.014732218846663524,-0.0176010684321682,-0.008201193765743246,0.012554712884967352,0.007116668747011814,-0.006309748648850207,0.029031664643084747,-0.020798900230586753,0.00464482580322565,0.02113798078223255,0.005068741893578164,0.0023642302980742998,-0.018896987043873548,0.006679026231209598,0.0040145669496053525,0.0006827450258540738,0.0010866667434151773,-0.00434947436579993,0.03744135802675796,0.014798516937289499,-0.019249342725681337,0.0042489178774536614,0.007771849422108542,-0.004803470531315058,-0.008648574114691982,0.0050566427012300385,-0.01403209316766797,0.021778349839262676,-0.01136124832845709,0.0040145669496053525,0.03306833542972651,0.024551771441309003,-0.009668102830557681,-0.0063527300087078435,-0.009107917527793784,0.0017971891741241108,0.0208051473141142,0.00481543630664964,-0.008384387582304208,-0.01282081419314857,-0.0038397118727068074,-0.009107927914380868,-0.006699672761953662,0.007916619719608478,-0.00957955321990206,0.0006827450258540738,0.024551771441309003,0.025226672498201083,0.0042436260152520005,-0.000347030905517189,0.0045426328383699165,-0.004973875479345249,-0.008701043611898149,-0.008443549905298824,-0.0019598783309821097,-0.009391537776784007,-0.005574419492497104,-0.004956075052494737,-0.007988578871261465,-0.0050734388334616526,0.014732218846663524,0.0010866667434151773,-0.009668102830557681,0.0042436260152520005,0.0244255946133818,0.0014099940009296363,0.028619718365568054,0.02188255642169236,0.0022154733766243926,0.006612879461873702,-0.005635612613755274,0.001300787275366748,-0.006376672024504472,-0.00016419550292838615,-0.013820152942187042,0.0010951733143776598,-0.0176010684321682,-0.00434947436579993,-0.0063527300087078435,-0.000347030905517189,0.0014099940009296363,0.04126334611391269,-0.009755193330007324,0.026442126267279112,0.004289765265546858,0.008869754295209196,-0.026215648879565935,0.02670515045403822,-0.01777936078425137,-0.022955481616203897,-0.003602654256366348,-0.01758111226214655,-0.008201193765743246,0.03744135802675796,-0.009107917527793784,0.0045426328383699165,0.028619718365568054,-0.009755193330007324,0.011627598993318375,-0.0018658419920509733,-0.003320274363046325,-0.0023718816147077484,0.009952349494014292,-0.006846510580926519,0.009769348593181144,0.005404934745460175,0.007061372404730014,0.012399957098407232,0.012554712884967352,0.014798516937289499,0.0017971891741241108,-0.004973875479345249,0.02188255642169236,0.026442126267279112,-0.0018658419920509733,0.034247531905359625
